[ANALYZED]
training-leftright-pausing--2
training-leftright-pausing-3
leftright-slowingdown-15
leftright-speedingup-23
updown-pausing-2times-8 [no steady 2 pauses, so skipped]
updown-pausing-2times-1
updown-speedingup-6
updown-slowingdown-4
rotateclockwise-pausing-16
rotateclockwise-slowingdown-15
rotateclockwise-speedingup-5 [stop at 140]

updown-speedingup-7 [used to extract multi-period (2) instead of 1 for the flawed dataset]

rotateclockwise-5zAmDGVqPIDtA8iSAABq-2 [used to extract multi-period (2) instead of 1, and multi-period (1.5)]

testing-updown-R53P95G3cV93UMlKAAB0-2.csv
testing-updown-R53P95G3cV93UMlKAAB0-3.csv
testing-rotateclockwise-R53P95G3cV93UMlKAAB0-9.csv (all were correct, no flaws)
testing-rotateclockwise-R53P95G3cV93UMlKAAB0-8.csv (lot of flaws; caused by a pause after each rotation, and 1 time bumping into an item lol (can clearly see that peak at the X stream))
testing-rotateclockwise-R53P95G3cV93UMlKAAB0-7.csv (all correct, only last one not)




MEANS OF matrix-400-0.3-inclfaulty-incllessthanoneperiod:
[0.8518518518518519, 0.8888888888888888, 0.8518518518518519, 0.8518518518518519, 0.8148148148148148, 0.8148148148148148, 0.8888888888888888, 0.7777777777777778, 0.6296296296296297, 0.8148148148148148, 0.9259259259259259, 0.9629629629629629, 0.8518518518518519, 0.9629629629629629, 0.7407407407407407, 0.8888888888888888, 0.8888888888888888, 0.8148148148148148, 0.7777777777777778, 0.8148148148148148, 0.9259259259259259, 0.8888888888888888, 0.8518518518518519, 0.8518518518518519, 0.8518518518518519, 0.9629629629629629, 0.8518518518518519, 0.7407407407407407, 0.8518518518518519, 0.9629629629629629, 0.9259259259259259, 0.9259259259259259, 0.8518518518518519, 0.8148148148148148, 0.8148148148148148, 0.8888888888888888, 0.7777777777777778, 0.8148148148148148, 0.8148148148148148, 0.7777777777777778, 0.8888888888888888, 0.8888888888888888, 0.8148148148148148, 0.9259259259259259, 0.8888888888888888, 0.6666666666666666, 0.9259259259259259, 1.0, 0.8518518518518519, 0.8518518518518519, 0.7407407407407407, 0.8148148148148148, 0.8888888888888888, 0.7777777777777778, 0.7407407407407407, 0.8148148148148148, 0.8888888888888888, 0.7777777777777778, 0.7037037037037037, 0.9259259259259259, 0.8148148148148148, 0.7407407407407407, 0.8888888888888888, 0.7777777777777778, 0.8518518518518519, 0.8888888888888888, 0.8518518518518519, 0.9259259259259259, 0.8148148148148148, 0.7777777777777778, 0.7777777777777778, 0.9259259259259259, 0.7407407407407407, 0.8888888888888888, 0.8518518518518519, 0.8148148148148148, 0.9259259259259259, 0.8888888888888888, 0.8888888888888888, 0.6296296296296297, 0.8148148148148148, 0.8148148148148148, 0.8888888888888888, 0.7777777777777778, 0.8148148148148148, 0.8518518518518519, 0.8518518518518519, 0.9259259259259259, 0.7037037037037037, 0.8518518518518519, 0.7777777777777778, 0.9259259259259259, 0.8148148148148148, 0.8148148148148148, 0.8888888888888888, 0.8518518518518519, 0.8148148148148148, 0.9259259259259259, 0.8888888888888888, 0.9629629629629629, 0.8148148148148148, 0.8888888888888888, 0.9259259259259259, 0.8148148148148148, 0.8518518518518519, 0.8888888888888888, 0.8888888888888888, 0.8888888888888888, 0.9259259259259259, 0.7777777777777778, 0.8148148148148148, 0.6666666666666666, 0.8148148148148148, 0.8148148148148148, 0.8518518518518519, 0.7777777777777778, 0.8518518518518519, 0.7407407407407407, 0.8148148148148148, 0.8888888888888888, 0.7777777777777778, 0.8888888888888888, 0.8888888888888888, 0.9259259259259259, 0.8148148148148148, 0.7407407407407407, 0.9629629629629629, 0.8148148148148148, 0.7407407407407407, 0.8518518518518519, 0.7777777777777778, 0.8888888888888888, 0.6666666666666666, 0.8148148148148148, 0.8888888888888888, 0.9259259259259259, 0.8148148148148148, 0.8148148148148148, 0.8148148148148148, 0.9259259259259259, 0.9629629629629629, 0.8888888888888888, 0.7777777777777778, 0.8518518518518519, 0.9259259259259259, 0.8518518518518519, 0.8888888888888888, 0.8888888888888888, 0.8888888888888888, 0.6296296296296297, 0.8148148148148148, 0.8518518518518519, 0.9629629629629629, 0.7777777777777778, 0.8148148148148148, 0.7777777777777778, 0.8518518518518519, 0.8518518518518519, 0.7777777777777778, 0.9259259259259259, 0.8888888888888888, 0.8888888888888888, 0.9259259259259259, 0.9259259259259259, 0.8148148148148148, 0.8518518518518519, 0.9629629629629629, 0.8518518518518519, 0.8518518518518519, 0.8888888888888888, 0.9629629629629629, 0.8148148148148148, 0.8518518518518519, 0.8148148148148148, 0.8888888888888888, 0.8518518518518519, 0.9259259259259259, 0.8148148148148148, 0.8148148148148148, 0.9259259259259259, 0.8518518518518519, 0.8518518518518519, 0.8518518518518519, 0.8148148148148148, 0.8518518518518519, 0.8518518518518519, 0.8518518518518519, 0.8518518518518519, 0.7407407407407407, 0.8148148148148148, 0.9629629629629629, 0.9629629629629629, 0.8518518518518519, 0.8518518518518519, 0.7777777777777778, 0.8518518518518519, 0.7037037037037037, 0.8518518518518519, 0.7407407407407407, 0.7777777777777778, 0.8888888888888888, 0.8518518518518519, 0.8888888888888888, 0.8148148148148148, 0.9259259259259259, 0.7777777777777778, 0.8888888888888888, 0.8518518518518519, 0.8148148148148148, 0.8888888888888888, 0.8888888888888888, 0.9259259259259259, 0.8518518518518519, 0.8148148148148148, 0.8518518518518519, 0.8888888888888888, 0.8888888888888888, 0.8518518518518519, 0.8148148148148148, 0.8518518518518519, 0.9629629629629629, 0.8148148148148148, 0.7037037037037037, 0.7777777777777778, 0.8518518518518519, 0.8148148148148148, 0.8888888888888888, 0.9259259259259259, 0.8148148148148148, 0.8888888888888888, 0.8518518518518519, 0.8148148148148148, 0.7777777777777778, 0.8148148148148148, 0.8518518518518519, 0.9259259259259259, 0.8888888888888888, 0.8518518518518519, 1.0, 0.8888888888888888, 0.9259259259259259, 0.8518518518518519, 0.9259259259259259, 0.9259259259259259, 0.8518518518518519, 0.8518518518518519, 0.8518518518518519, 0.8518518518518519, 0.8148148148148148, 0.8518518518518519, 0.9259259259259259, 0.7777777777777778, 0.9259259259259259, 0.9259259259259259, 0.8148148148148148, 0.8888888888888888, 0.8148148148148148, 0.8518518518518519, 0.9629629629629629, 0.8888888888888888, 0.9629629629629629, 0.8888888888888888, 0.7037037037037037, 0.7777777777777778, 0.8518518518518519, 0.8888888888888888, 0.8148148148148148, 0.8888888888888888, 0.7777777777777778, 0.8148148148148148, 0.6296296296296297, 0.7777777777777778, 0.8888888888888888, 0.8148148148148148, 0.8518518518518519, 0.8518518518518519, 0.7037037037037037, 0.9259259259259259, 0.8888888888888888, 0.8518518518518519, 0.8888888888888888, 0.7777777777777778, 0.8518518518518519, 0.8518518518518519, 0.8888888888888888, 0.9259259259259259, 0.8148148148148148, 0.7777777777777778, 0.9259259259259259, 0.8518518518518519, 0.8518518518518519, 0.9629629629629629, 0.8518518518518519, 0.8888888888888888, 0.8888888888888888, 0.8888888888888888, 0.8518518518518519, 0.8888888888888888, 0.8518518518518519, 0.8888888888888888, 0.8518518518518519, 0.7777777777777778, 0.8518518518518519, 0.7407407407407407, 0.8888888888888888, 0.8148148148148148, 0.8148148148148148, 0.8888888888888888, 0.8888888888888888, 0.7777777777777778, 0.8148148148148148, 0.8888888888888888, 0.7777777777777778, 0.8888888888888888, 0.8888888888888888, 0.9259259259259259, 0.8518518518518519, 0.7777777777777778, 0.8518518518518519, 0.8518518518518519, 0.8888888888888888, 0.9259259259259259, 0.8888888888888888, 0.8518518518518519, 0.8148148148148148, 0.8518518518518519, 0.8888888888888888, 0.7777777777777778, 0.9629629629629629, 0.9629629629629629, 0.8888888888888888, 0.9259259259259259, 0.9629629629629629, 0.7037037037037037, 0.8148148148148148, 0.8518518518518519, 0.9259259259259259, 0.9629629629629629, 0.9259259259259259, 0.7407407407407407, 0.8518518518518519, 0.9259259259259259, 0.8888888888888888, 0.9629629629629629, 0.8148148148148148, 0.9259259259259259, 0.8518518518518519, 0.8148148148148148, 0.8518518518518519, 0.7407407407407407, 0.8518518518518519, 0.8518518518518519, 0.8888888888888888, 0.8888888888888888, 0.8888888888888888, 0.8518518518518519, 0.8518518518518519, 0.8148148148148148, 0.8888888888888888, 0.8888888888888888, 0.7777777777777778, 0.9629629629629629, 0.8888888888888888, 0.8888888888888888, 0.9259259259259259, 0.7407407407407407, 0.8148148148148148, 0.8888888888888888, 0.8888888888888888, 0.8888888888888888, 0.8888888888888888, 0.8518518518518519, 0.9629629629629629, 0.8888888888888888, 0.8148148148148148, 0.9259259259259259, 0.9259259259259259, 0.8148148148148148, 0.9629629629629629, 0.9629629629629629, 0.9629629629629629, 0.9259259259259259, 0.8888888888888888, 0.9259259259259259, 0.8888888888888888, 0.8148148148148148, 0.8888888888888888, 0.8518518518518519, 0.8518518518518519, 0.8888888888888888, 0.9259259259259259, 0.7777777777777778, 0.8148148148148148, 0.7777777777777778, 0.8148148148148148, 0.8888888888888888, 0.8148148148148148, 0.8148148148148148, 0.7777777777777778, 0.9259259259259259]


means of 400-0.3 incllessthanoneperiod-multiperiods:

[0.8148148148148148, 0.8888888888888888, 0.8148148148148148, 0.7777777777777778, 0.8148148148148148, 1.0, 0.8148148148148148, 0.7777777777777778, 0.8148148148148148, 0.8148148148148148, 0.7777777777777778, 0.8148148148148148, 0.7777777777777778, 0.8518518518518519, 0.7777777777777778, 0.7777777777777778, 0.7777777777777778, 0.7037037037037037, 0.7407407407407407, 0.8518518518518519, 0.8518518518518519, 0.8888888888888888, 0.8148148148148148, 0.8518518518518519, 0.8888888888888888, 0.6296296296296297, 0.8888888888888888, 0.8148148148148148, 0.7407407407407407, 0.8888888888888888, 0.8518518518518519, 0.9259259259259259, 0.8888888888888888, 0.7407407407407407, 0.8518518518518519, 0.8148148148148148, 0.7407407407407407, 0.8888888888888888, 0.9259259259259259, 0.8518518518518519, 0.9259259259259259, 0.7407407407407407, 0.6666666666666666, 0.7777777777777778, 0.8148148148148148, 0.8888888888888888, 0.8518518518518519, 0.7407407407407407, 0.9259259259259259, 0.7777777777777778, 0.8518518518518519, 0.7777777777777778, 0.7777777777777778, 0.8518518518518519, 0.7407407407407407, 0.8888888888888888, 0.7407407407407407, 0.7777777777777778, 0.7407407407407407, 0.6666666666666666, 0.7777777777777778, 0.8518518518518519, 0.8148148148148148, 0.8148148148148148, 0.7407407407407407, 0.7407407407407407, 0.8888888888888888, 0.7407407407407407, 0.8888888888888888, 0.5925925925925926, 0.8148148148148148, 0.8148148148148148, 0.7777777777777778, 0.7037037037037037, 0.9629629629629629, 0.7407407407407407, 0.8518518518518519, 0.8888888888888888, 0.6666666666666666, 0.8148148148148148, 0.8888888888888888, 0.8888888888888888, 0.7777777777777778, 0.6666666666666666, 0.7037037037037037, 0.7777777777777778, 0.6666666666666666, 0.8518518518518519, 0.9259259259259259, 0.9259259259259259, 0.8148148148148148, 0.7777777777777778, 0.7777777777777778, 0.8148148148148148, 0.8148148148148148, 0.8518518518518519, 0.7777777777777778, 0.7777777777777778, 0.7407407407407407, 0.8518518518518519, 0.8888888888888888, 0.7777777777777778, 0.8148148148148148, 0.8148148148148148, 0.8888888888888888, 0.8148148148148148, 0.8888888888888888, 0.7037037037037037, 0.7407407407407407, 0.8148148148148148, 0.8148148148148148, 0.8148148148148148, 0.8148148148148148, 0.7037037037037037, 0.7407407407407407, 0.8518518518518519, 0.7777777777777778, 0.8148148148148148, 0.9259259259259259, 
0.7037037037037037, 0.9259259259259259, 0.8148148148148148, 0.7777777777777778, 0.7777777777777778, 0.8148148148148148, 0.8518518518518519, 0.8888888888888888, 0.8518518518518519, 0.8518518518518519, 0.7777777777777778, 0.8148148148148148, 0.7777777777777778, 0.7777777777777778, 0.8888888888888888, 0.6296296296296297, 0.9259259259259259, 0.8148148148148148, 0.7407407407407407, 0.7777777777777778, 0.7777777777777778, 0.8148148148148148, 0.8888888888888888, 0.8888888888888888, 0.8518518518518519, 0.7407407407407407, 0.8148148148148148, 0.8518518518518519, 0.5925925925925926, 0.8888888888888888, 0.8148148148148148, 0.7777777777777778, 0.7037037037037037, 0.7407407407407407, 0.8518518518518519, 0.8888888888888888, 0.8888888888888888, 0.8148148148148148, 0.8148148148148148, 0.7777777777777778, 0.8518518518518519, 0.6666666666666666, 0.8888888888888888, 0.7777777777777778, 0.9259259259259259, 0.8148148148148148, 0.8148148148148148, 0.8518518518518519, 0.8148148148148148, 0.7777777777777778, 0.7407407407407407, 0.7777777777777778, 0.7777777777777778, 0.8518518518518519, 0.7777777777777778, 0.8888888888888888, 0.7777777777777778, 0.9259259259259259, 0.8888888888888888, 0.8148148148148148, 0.7777777777777778, 0.8518518518518519, 0.8148148148148148, 0.7407407407407407, 0.9259259259259259, 1.0, 0.7777777777777778, 0.8888888888888888, 0.7037037037037037, 0.8148148148148148, 0.8888888888888888, 0.9259259259259259, 0.8888888888888888, 0.7407407407407407, 0.6666666666666666, 0.8148148148148148, 0.7407407407407407, 0.7777777777777778, 0.8518518518518519, 0.8888888888888888, 0.8518518518518519, 0.8148148148148148, 0.8148148148148148, 0.7407407407407407, 0.8888888888888888, 0.7777777777777778, 0.8518518518518519, 0.6666666666666666, 0.7407407407407407, 0.8888888888888888, 0.8888888888888888, 0.8518518518518519, 0.7777777777777778, 0.8148148148148148, 0.8148148148148148, 0.8518518518518519, 0.7407407407407407, 0.8518518518518519,
 0.8888888888888888, 0.7407407407407407, 0.8888888888888888, 0.7777777777777778, 0.8518518518518519, 0.8518518518518519, 0.7777777777777778, 0.7407407407407407, 0.7777777777777778, 0.8148148148148148, 0.9259259259259259, 0.8888888888888888, 0.7777777777777778, 0.9259259259259259, 0.6296296296296297, 0.7407407407407407, 0.8518518518518519, 0.8518518518518519, 0.8148148148148148, 0.8148148148148148, 0.9259259259259259, 0.7777777777777778, 0.8148148148148148, 0.8888888888888888, 0.7407407407407407, 0.8888888888888888, 0.7407407407407407, 0.8518518518518519, 0.8148148148148148, 0.8148148148148148, 0.7407407407407407, 0.8888888888888888, 0.8148148148148148, 0.7037037037037037, 0.8888888888888888, 0.8518518518518519, 0.8518518518518519, 0.8888888888888888, 0.7777777777777778, 0.7777777777777778, 0.8518518518518519, 0.8518518518518519, 0.7037037037037037, 0.7037037037037037, 0.8888888888888888, 0.8148148148148148, 0.7777777777777778, 0.8148148148148148, 0.8888888888888888, 0.8888888888888888, 0.8518518518518519, 0.7407407407407407, 0.9259259259259259, 0.9259259259259259, 0.7037037037037037, 0.9259259259259259, 0.8518518518518519, 0.7777777777777778, 0.5925925925925926, 0.7407407407407407, 0.7037037037037037, 0.8148148148148148, 0.8148148148148148, 0.8148148148148148, 0.8148148148148148, 0.7407407407407407, 0.7037037037037037, 0.8148148148148148, 0.7407407407407407, 0.8888888888888888, 0.8148148148148148, 0.7407407407407407, 0.7777777777777778, 0.7777777777777778, 0.7777777777777778, 0.8888888888888888, 0.6666666666666666, 0.8148148148148148, 0.7777777777777778, 0.6296296296296297, 0.7777777777777778, 0.7407407407407407, 0.7407407407407407, 0.7407407407407407, 0.9259259259259259, 0.8518518518518519, 0.7037037037037037, 0.8148148148148148, 0.8518518518518519, 0.8888888888888888, 0.8518518518518519, 0.8148148148148148, 0.7037037037037037, 0.8518518518518519, 0.7777777777777778, 0.8148148148148148, 0.8518518518518519, 0.8518518518518519, 0.8518518518518519, 0.8888888888888888, 0.8518518518518519, 0.8518518518518519, 0.9629629629629629, 0.6666666666666666, 0.8518518518518519, 0.8888888888888888, 0.8518518518518519, 0.7407407407407407, 0.8518518518518519, 0.7777777777777778, 0.8888888888888888, 0.8148148148148148, 0.8148148148148148, 0.8888888888888888, 0.7037037037037037, 0.7777777777777778, 0.8148148148148148, 0.7037037037037037, 0.6296296296296297, 0.7037037037037037, 0.8148148148148148, 0.8148148148148148, 0.8888888888888888, 0.7037037037037037, 0.8148148148148148, 0.7407407407407407, 0.8518518518518519, 0.8888888888888888, 0.7777777777777778, 0.7037037037037037, 0.9259259259259259, 0.8148148148148148, 0.8148148148148148, 0.7407407407407407, 0.7407407407407407, 0.8148148148148148, 0.8148148148148148, 0.6296296296296297, 0.7037037037037037, 0.7777777777777778, 0.8888888888888888, 0.8518518518518519, 0.8148148148148148, 0.8518518518518519, 0.7037037037037037, 0.8148148148148148, 0.7777777777777778, 0.8888888888888888, 0.8148148148148148, 0.8518518518518519, 0.7777777777777778, 0.9259259259259259, 0.8518518518518519, 0.8888888888888888, 0.9629629629629629, 0.7777777777777778, 0.8148148148148148, 0.7037037037037037, 0.7407407407407407, 0.8518518518518519, 0.8888888888888888, 0.7407407407407407, 0.7037037037037037, 0.8518518518518519, 0.8148148148148148, 0.8148148148148148, 0.8148148148148148, 0.7407407407407407, 0.5185185185185185, 0.7777777777777778, 0.8148148148148148, 0.8518518518518519, 0.8518518518518519, 0.7777777777777778, 0.8518518518518519, 0.8148148148148148, 0.8888888888888888, 0.8518518518518519, 0.7777777777777778, 0.8518518518518519, 0.8148148148148148, 0.8888888888888888, 0.8148148148148148]



NOT CONTAMINATED NEW DATASET:
Non-contaminated data with no additional flawed training data:
Performance of 0.7956 (mean)

[0.8125, 0.6875, 0.9375, 0.875, 0.9375, 0.75, 0.75, 0.875, 0.5625, 0.625, 0.6875, 0.625, 0.6875, 0.625, 0.75, 0.875, 0.9375, 0.75, 0.6875, 0.6875, 0.625, 0.875, 0.625, 0.6875, 0.9375, 0.875, 0.8125, 0.6875, 0.875, 0.75, 0.8125, 0.8125, 0.75, 0.9375, 0.75, 0.875, 0.8125, 0.875, 0.875, 0.625, 0.75, 0.625, 0.8125, 0.8125, 0.875, 0.75, 0.75, 0.75, 0.75, 0.75, 0.9375, 0.75, 0.9375, 0.875, 0.6875, 0.625, 0.8125, 0.8125, 0.875, 0.8125, 0.8125, 0.8125, 0.6875, 0.75, 0.8125, 0.8125, 0.8125, 0.9375, 0.8125, 0.6875, 0.6875, 0.8125, 0.875, 0.8125, 0.625, 0.9375, 0.875, 0.875, 0.8125, 0.75, 0.875, 0.6875, 0.75, 0.75, 0.9375, 0.9375, 0.8125, 0.8125, 0.8125, 0.75, 0.9375, 0.75, 0.75, 0.75, 0.875, 0.875, 0.6875, 0.6875, 0.6875, 0.625, 0.75, 0.75, 0.75, 0.625, 0.875, 0.5, 0.8125, 1.0, 0.75, 0.75, 0.75, 0.75, 0.75, 0.875, 0.875, 0.625, 0.875, 1.0, 0.6875, 0.875, 0.875, 0.9375, 0.6875, 0.8125, 0.8125, 0.875, 0.9375, 0.9375, 0.8125, 0.875, 0.875, 0.8125, 0.875, 0.875, 0.75, 0.6875, 0.9375, 0.875, 0.75, 0.75, 0.8125, 0.625, 0.6875, 0.9375, 0.875, 0.9375, 0.75, 0.75, 0.875, 0.75, 0.75, 0.875, 0.625, 0.875, 0.625, 0.6875, 0.8125, 0.625, 0.8125, 0.8125, 0.75, 0.9375, 0.875, 0.75, 0.75, 0.9375, 0.5625, 0.625, 0.75, 0.75, 0.6875, 0.75, 0.6875, 0.6875, 0.75, 0.6875, 0.8125, 0.9375, 0.6875, 0.75, 0.6875, 0.875, 1.0, 0.75, 0.625, 0.9375, 0.75, 0.875, 0.875, 0.6875, 0.6875, 0.9375, 0.6875, 0.75, 0.5625, 0.875, 0.75, 0.9375, 0.75, 0.625, 0.625, 0.8125, 0.8125, 0.8125, 1.0, 0.9375, 0.75, 0.6875, 0.9375, 0.875, 0.8125, 0.75, 0.6875, 0.8125, 0.75, 0.875, 0.8125, 0.8125, 0.75, 1.0, 0.75, 0.875, 0.8125, 0.875, 0.75, 0.8125, 0.9375, 0.875, 0.875, 0.75, 0.8125, 0.9375, 0.8125, 0.9375, 0.8125, 0.875, 0.5625, 0.8125, 0.9375, 0.875, 0.9375, 0.75, 0.8125, 0.875, 0.875, 0.875, 0.8125, 0.875, 0.8125, 0.375, 0.875, 0.625, 0.8125, 0.8125, 0.8125, 0.6875, 0.625, 0.75, 0.625, 0.625, 0.75, 0.8125, 0.75, 0.875, 0.8125, 0.875, 0.6875, 0.5, 0.9375, 0.8125, 0.875, 0.875, 0.75, 0.9375, 0.5625, 0.875, 0.875, 0.875, 0.5, 0.8125, 0.8125, 0.8125, 0.875, 0.8125, 0.9375, 0.6875, 0.75, 0.875, 0.75, 1.0, 0.8125, 0.9375, 0.9375, 0.625, 0.6875, 0.875, 0.75, 0.75, 0.8125, 0.9375, 0.8125, 0.75, 0.875, 0.8125, 0.875, 0.75, 0.625, 0.9375, 0.8125, 0.875, 0.75, 0.8125, 0.9375, 0.625, 0.875, 0.75, 0.75, 0.8125, 0.875, 0.8125, 0.875, 0.6875, 0.75, 0.8125, 0.6875, 0.75, 0.75, 0.8125, 0.625, 0.8125, 0.8125, 0.8125, 0.625, 0.8125, 0.8125, 0.875, 0.75, 0.875, 1.0, 0.8125, 0.75, 0.75, 0.9375, 1.0, 0.875, 0.6875, 0.8125, 0.875, 0.8125, 0.75, 0.75, 0.6875, 0.875, 0.8125, 0.9375, 0.875, 0.75, 0.8125, 1.0, 0.875, 0.75, 0.9375, 0.9375, 0.9375, 0.625, 0.75, 0.9375, 0.8125, 0.75, 0.9375, 0.9375, 0.875, 0.6875, 0.875, 0.875, 0.8125, 0.8125, 0.75, 0.8125, 0.6875, 0.875, 0.75, 0.75, 0.75, 0.6875, 0.8125, 0.9375, 0.875, 0.9375, 0.8125, 0.9375, 0.5625, 0.6875, 0.4375, 0.6875, 0.8125, 0.8125, 0.8125, 0.8125, 0.9375]



noncontaminated with multiple periods:
performance of 0.770

[0.75, 0.8125, 0.9375, 0.6875, 0.875, 0.875, 0.75, 0.875, 0.8125, 0.9375, 0.875, 0.75, 0.8125, 0.8125, 0.75, 0.5625, 0.6875, 0.75, 0.6875, 0.75, 0.75, 0.625, 0.625, 0.75, 0.8125, 0.5625, 0.9375, 0.75, 0.8125, 0.875, 0.6875, 0.75, 0.6875, 0.8125, 0.75, 0.8125, 0.875, 0.8125, 0.9375, 1.0, 0.75, 0.75, 0.6875, 0.625, 0.8125, 0.75, 0.75, 0.8125, 0.5625, 0.9375, 0.8125, 0.625, 0.75, 0.8125, 0.6875, 0.875, 0.8125, 0.9375, 0.8125, 0.8125, 0.8125, 0.8125, 0.6875, 0.8125, 0.875, 0.75, 0.8125, 0.8125, 0.8125, 0.8125, 0.6875, 0.75, 0.6875, 0.6875, 0.75, 0.8125, 0.8125, 0.9375, 0.875, 0.75, 0.75, 0.8125, 0.8125, 0.625, 0.75, 0.5, 0.8125, 0.75, 0.8125, 0.8125, 0.8125, 0.6875, 0.875, 0.75, 0.875, 0.75, 0.6875, 0.8125, 0.625, 0.8125, 0.625, 0.875, 0.8125, 0.6875, 0.8125, 0.8125, 0.875, 0.625, 0.75, 0.8125, 0.8125, 0.75, 0.8125, 0.75, 0.875, 0.6875, 0.875, 0.75, 0.75, 0.75, 0.75, 0.75, 0.6875, 0.8125, 0.875, 0.8125, 0.6875, 0.9375, 0.8125, 0.625, 0.8125, 0.75, 0.625, 0.75, 0.6875, 0.875, 0.8125, 0.9375, 1.0, 0.8125, 0.8125, 0.8125, 0.875, 0.8125, 0.875, 0.875, 0.75, 1.0, 0.8125, 0.625, 0.8125, 0.8125, 0.8125, 0.75, 0.8125, 0.75, 0.9375, 0.8125, 0.875, 0.6875, 0.8125, 1.0, 0.75, 0.6875, 0.8125, 0.8125, 0.5625, 0.9375, 0.8125, 0.75, 0.75, 0.8125, 0.8125, 0.8125, 0.9375, 0.8125, 0.625, 0.875, 0.9375, 0.6875, 0.8125, 0.75, 0.625, 0.8125, 0.6875, 0.875, 0.625, 0.75, 0.8125, 0.4375, 0.75, 0.8125, 0.6875, 0.8125, 0.8125, 0.875, 0.75, 0.8125, 0.6875, 0.75, 0.625, 0.625, 0.75, 0.625, 0.8125, 0.75, 0.4375, 0.6875, 0.9375, 0.5625, 0.75, 0.75, 0.875, 0.75, 0.5625, 0.875, 0.8125, 0.75, 0.75, 0.8125, 0.875, 0.875, 0.6875, 0.8125, 0.8125, 0.6875, 0.9375, 0.875, 0.75, 0.75, 0.6875, 0.75, 0.625, 0.8125, 0.6875, 0.8125, 0.8125, 0.5625, 0.9375, 0.9375, 0.6875, 0.6875, 0.5625, 0.75, 0.75, 0.5, 0.75, 0.6875, 0.8125, 0.875, 0.75, 0.75, 0.6875, 0.8125, 0.75, 0.625, 0.75, 0.875, 0.75, 0.75, 0.75, 0.8125, 0.8125, 0.75, 0.9375, 0.75, 0.8125, 0.8125, 0.75, 0.6875, 0.875, 0.625, 0.75, 0.6875, 0.75, 0.875, 0.5625, 0.5625, 0.75, 0.75, 0.75, 0.9375, 0.8125, 0.9375, 0.875, 0.6875, 0.6875, 0.8125, 0.6875, 0.8125, 0.6875, 0.9375, 0.9375, 0.8125, 0.6875, 0.8125, 0.875, 0.625, 0.6875, 0.6875, 0.8125, 0.8125, 0.6875, 0.75, 0.8125, 0.875, 0.8125, 0.625, 0.6875, 0.6875, 0.8125, 0.75, 0.6875, 0.75, 0.875, 0.6875, 0.8125, 0.75, 0.8125, 0.75, 0.6875, 0.8125, 0.875, 0.8125, 0.75, 0.625, 0.9375, 0.875, 0.75, 0.75, 0.8125, 0.75, 0.8125, 0.875, 0.8125, 0.875, 0.8125, 0.5625, 0.4375, 0.75, 0.75, 0.875, 1.0, 0.875, 0.6875, 0.75, 0.75, 0.9375, 0.75, 0.625, 0.625, 0.8125, 0.875, 0.625, 0.75, 0.8125, 0.875, 0.8125, 0.8125, 0.875, 0.875, 0.875, 0.75, 0.625, 0.6875, 0.6875, 0.375, 0.6875, 0.8125, 0.8125, 0.75, 0.8125, 0.8125, 0.75, 0.8125, 0.9375, 0.9375, 0.8125, 0.75, 0.5625, 0.8125, 0.625, 0.75, 0.9375, 0.75, 0.625, 0.6875, 0.875, 0.8125, 0.6875, 0.375, 0.6875, 0.6875, 0.75, 0.75, 0.75, 0.875, 0.75, 0.875, 0.875]


----------------------------------------------------------------------------

Pseudorandom noncontaminated with multiple periods:
performance of 0.7725

[0.75, 0.625, 0.8125, 0.75, 0.8125, 0.875, 0.75, 0.8125, 0.875, 0.6875, 0.75, 0.8125, 0.8125, 0.8125, 0.6875, 0.5625, 0.875, 0.75, 0.75, 0.8125, 0.875, 0.75, 0.75, 0.875, 0.875, 0.9375, 0.75, 0.375, 0.8125, 0.75, 0.875, 0.75, 0.9375, 0.8125, 0.8125, 0.875, 0.875, 0.75, 1.0, 0.9375, 0.875, 0.6875, 0.75, 0.6875, 0.8125, 0.75, 0.8125, 0.8125, 0.9375, 0.8125, 0.8125, 0.6875, 0.875, 0.75, 0.625, 0.75, 0.8125, 0.8125, 0.75, 0.8125, 0.625, 0.75, 0.8125, 0.875, 0.75, 0.8125, 0.8125, 0.6875, 0.6875, 0.875, 0.875, 0.875, 0.8125, 0.75, 0.8125, 0.75, 0.8125, 0.75, 0.6875, 0.8125, 0.8125, 0.625, 0.8125, 0.75, 0.6875, 0.875, 0.75, 0.8125, 1.0, 0.75, 0.75, 0.8125, 0.6875, 0.75, 0.75, 0.8125, 0.75, 0.875, 0.875, 0.6875, 0.375, 0.75, 0.75, 0.8125, 0.875, 0.6875, 0.8125, 0.75, 0.75, 0.875, 0.75, 0.625, 0.8125, 0.8125, 0.75, 0.8125, 1.0, 0.8125, 0.625, 0.75, 0.6875, 0.875, 0.8125, 0.9375, 0.75, 1.0, 0.625, 0.8125, 0.6875, 0.6875, 0.8125, 0.5625, 0.75, 0.625, 0.8125, 0.8125, 0.8125, 0.75, 0.8125, 0.9375, 0.875, 0.9375, 0.75, 0.5, 0.8125, 0.875, 0.75, 0.9375, 0.625, 0.875, 0.8125, 0.5, 0.4375, 0.8125, 0.875, 0.9375, 0.4375, 0.875, 0.8125, 0.8125, 0.8125, 0.875, 0.8125, 0.625, 0.625, 0.75, 0.8125, 0.875, 0.625, 0.6875, 0.8125, 0.8125, 0.8125, 0.75, 0.75, 0.75, 0.625, 0.75, 0.875, 0.6875, 0.625, 0.625, 0.8125, 0.875, 0.6875, 0.75, 0.8125, 0.75, 0.6875, 0.625, 0.75, 0.9375, 0.6875, 0.8125, 0.875, 0.9375, 0.875, 0.75, 0.625, 0.8125, 0.75, 0.8125, 0.625, 0.5625, 0.625, 0.8125, 0.8125, 0.875, 0.625, 0.8125, 0.875, 0.6875, 0.8125, 0.75, 0.625, 0.875, 0.8125, 0.8125, 0.75, 0.8125, 0.875, 0.8125, 0.625, 0.8125, 0.6875, 0.75, 0.6875, 0.6875, 0.6875, 0.75, 0.875, 0.8125, 0.625, 0.6875, 0.8125, 0.6875, 0.625, 0.6875, 0.6875, 0.625, 0.9375, 0.875, 0.8125, 0.75, 0.625, 0.875, 0.8125, 0.6875, 0.75, 0.75, 0.6875, 0.5625, 0.875, 0.8125, 0.6875, 0.75, 0.6875, 0.75, 0.75, 0.875, 0.8125, 0.875, 0.625, 0.75, 0.75, 0.8125, 0.6875, 0.8125, 0.75, 0.875, 0.8125, 0.6875, 0.75, 0.8125, 0.875, 0.6875, 0.75, 0.875, 0.8125, 0.6875, 0.625, 0.8125, 0.875, 0.5, 0.6875, 0.8125, 0.875, 0.75, 0.875, 0.625, 0.9375, 0.6875, 0.875, 0.9375, 0.875, 0.8125, 0.6875, 0.8125, 0.6875, 0.9375, 0.9375, 0.6875, 0.5625, 0.9375, 0.625, 0.75, 0.625, 0.8125, 0.75, 0.8125, 0.6875, 0.625, 0.8125, 0.8125, 0.75, 0.75, 0.75, 0.6875, 1.0, 0.75, 0.625, 0.75, 0.8125, 0.875, 0.875, 0.75, 0.8125, 0.625, 0.9375, 0.875, 0.875, 0.875, 0.75, 0.75, 0.875, 0.875, 0.8125, 0.75, 0.75, 0.6875, 0.625, 0.75, 0.8125, 0.8125, 0.8125, 0.9375, 0.875, 0.625, 0.75, 0.6875, 0.6875, 0.875, 0.9375, 0.9375, 0.75, 0.6875, 0.75, 0.75, 0.75, 0.875, 0.8125, 0.8125, 0.6875, 0.6875, 0.8125, 0.875, 1.0, 0.875, 0.8125, 0.625, 0.875, 0.875, 0.9375, 0.75, 0.75, 0.75, 0.75, 0.875, 0.75, 0.625, 0.625, 0.75, 1.0, 0.75, 0.6875, 0.75, 0.875, 0.8125, 0.625, 0.75, 0.875, 0.75, 0.6875, 0.6875, 0.8125, 0.875, 0.6875, 0.6875, 0.6875, 0.75]

Pseudorandom noncontaminated original:
performance of 0.78828

[0.9375, 0.6875, 0.75, 0.8125, 0.5625, 0.8125, 0.75, 0.75, 0.8125, 0.75, 0.75, 0.75, 0.875, 0.9375, 0.6875, 0.625, 0.75, 0.75, 0.875, 0.8125, 0.8125, 0.8125, 0.8125, 0.8125, 0.9375, 0.9375, 0.6875, 0.5625, 0.875, 0.75, 0.8125, 0.9375, 0.9375, 0.8125, 0.8125, 0.9375, 0.875, 0.75, 0.9375, 0.9375, 0.875, 0.625, 0.75, 0.75, 0.875, 0.8125, 0.875, 0.875, 0.875, 0.9375, 0.8125, 0.625, 0.875, 0.8125, 0.625, 0.8125, 0.6875, 0.8125, 0.6875, 0.875, 0.625, 0.6875, 0.875, 0.875, 0.8125, 0.875, 0.8125, 0.6875, 0.6875, 0.875, 0.9375, 0.8125, 0.6875, 0.6875, 0.875, 0.75, 0.9375, 0.75, 0.75, 0.8125, 0.75, 0.75, 0.9375, 0.625, 0.625, 0.875, 0.8125, 0.875, 0.9375, 0.75, 0.8125, 0.8125, 0.625, 0.75, 0.875, 0.75, 0.75, 0.8125, 1.0, 0.75, 0.375, 0.8125, 0.8125, 0.8125, 1.0, 0.6875, 0.8125, 0.75, 0.875, 0.9375, 0.8125, 0.6875, 0.8125, 0.9375, 0.75, 0.8125, 1.0, 0.5625, 0.75, 0.625, 0.75, 0.8125, 0.6875, 1.0, 0.75, 1.0, 0.6875, 0.875, 0.6875, 0.8125, 0.9375, 0.4375, 0.75, 0.75, 0.625, 0.9375, 0.8125, 0.75, 0.6875, 0.875, 0.875, 0.875, 0.8125, 0.5, 0.875, 0.75, 0.8125, 0.8125, 0.6875, 0.875, 0.8125, 0.5, 0.625, 0.6875, 0.875, 0.875, 0.5, 0.875, 0.8125, 0.875, 0.875, 0.8125, 0.6875, 0.9375, 0.625, 0.8125, 0.875, 0.875, 0.9375, 0.75, 0.8125, 0.875, 0.875, 0.75, 0.6875, 0.8125, 0.75, 0.75, 0.75, 0.625, 0.4375, 0.5, 0.875, 0.875, 0.8125, 0.75, 0.875, 0.8125, 0.9375, 0.9375, 0.6875, 0.9375, 0.6875, 0.9375, 0.8125, 0.9375, 0.6875, 0.75, 0.625, 0.6875, 0.8125, 0.875, 0.9375, 0.6875, 0.6875, 0.8125, 0.875, 0.9375, 0.625, 0.8125, 0.875, 0.625, 0.875, 0.875, 0.75, 0.875, 0.8125, 0.8125, 0.75, 0.6875, 0.875, 0.75, 0.6875, 0.8125, 0.75, 0.6875, 0.625, 0.625, 0.625, 0.8125, 0.875, 0.875, 0.6875, 0.8125, 0.9375, 0.875, 0.625, 0.75, 0.6875, 0.625, 0.9375, 0.8125, 0.9375, 0.75, 0.6875, 0.75, 0.75, 0.75, 0.875, 0.75, 0.625, 0.8125, 0.8125, 0.875, 0.6875, 0.8125, 0.75, 0.75, 0.875, 0.875, 0.75, 0.9375, 0.625, 0.8125, 0.75, 0.8125, 0.625, 0.8125, 0.8125, 0.9375, 0.875, 0.8125, 0.8125, 0.8125, 0.9375, 0.6875, 0.75, 0.875, 0.875, 0.6875, 0.875, 0.8125, 0.875, 0.625, 0.6875, 0.75, 0.9375, 0.75, 0.875, 0.625, 0.9375, 0.8125, 0.8125, 0.875, 0.9375, 0.875, 0.75, 0.6875, 0.75, 0.8125, 0.875, 0.6875, 0.5625, 0.8125, 0.625, 0.8125, 0.625, 0.875, 0.75, 0.75, 0.6875, 0.625, 0.8125, 0.6875, 0.75, 0.875, 0.6875, 0.8125, 1.0, 0.8125, 0.6875, 0.75, 0.875, 0.875, 0.75, 0.75, 0.75, 0.5, 0.875, 0.875, 0.8125, 0.6875, 0.8125, 0.8125, 0.9375, 0.875, 0.8125, 0.75, 0.75, 0.75, 0.625, 0.8125, 0.9375, 0.875, 0.875, 0.9375, 0.9375, 0.6875, 0.625, 0.6875, 0.75, 0.875, 0.9375, 0.875, 0.8125, 0.75, 0.625, 0.75, 0.75, 0.875, 0.8125, 0.75, 0.75, 0.75, 0.875, 0.9375, 1.0, 0.75, 0.875, 0.8125, 0.9375, 0.875, 0.9375, 0.75, 0.8125, 0.8125, 0.9375, 0.875, 0.625, 0.5625, 0.6875, 0.75, 1.0, 0.8125, 0.6875, 0.8125, 0.875, 0.75, 0.6875, 0.75, 0.875, 0.6875, 0.75, 0.625, 0.8125, 0.875, 0.6875, 0.6875, 0.8125, 0.75]


Pseudorandom noncontaminated with halfperioddelay:
performance of 0.7442187

[0.8125, 0.6875, 0.6875, 0.75, 0.6875, 0.75, 0.6875, 0.8125, 0.875, 0.75, 0.75, 0.6875, 0.8125, 0.8125, 0.6875, 0.625, 0.75, 0.6875, 0.8125, 0.75, 0.8125, 0.75, 0.6875, 0.8125, 0.9375, 0.9375, 0.6875, 0.5, 0.75, 0.75, 0.8125, 0.8125, 0.9375, 0.75, 0.6875, 0.875, 0.8125, 0.75, 0.9375, 0.875, 0.75, 0.625, 0.75, 0.75, 0.875, 0.6875, 0.8125, 0.6875, 0.875, 0.8125, 0.6875, 0.625, 0.875, 0.75, 0.625, 0.6875, 0.75, 0.8125, 0.625, 0.8125, 0.5, 0.75, 0.875, 0.875, 0.6875, 0.875, 0.8125, 0.5625, 0.625, 0.75, 0.875, 0.8125, 0.6875, 0.6875, 0.6875, 0.6875, 0.8125, 0.75, 0.75, 0.8125, 0.8125, 0.6875, 0.875, 0.75, 0.5625, 0.75, 0.6875, 0.8125, 0.875, 0.6875, 0.75, 0.6875, 0.5, 0.75, 0.75, 0.75, 0.75, 0.8125, 0.9375, 0.6875, 0.3125, 0.6875, 0.6875, 0.8125, 0.875, 0.6875, 0.75, 0.75, 0.75, 0.875, 0.75, 0.625, 0.8125, 0.8125, 0.6875, 0.6875, 1.0, 0.75, 0.6875, 0.625, 0.6875, 0.8125, 0.625, 0.9375, 0.75, 1.0, 0.625, 0.8125, 0.6875, 0.625, 0.8125, 0.5625, 0.6875, 0.625, 0.6875, 0.75, 0.75, 0.6875, 0.6875, 0.8125, 0.8125, 0.875, 0.8125, 0.4375, 0.8125, 0.875, 0.6875, 0.8125, 0.5, 0.875, 0.5625, 0.5, 0.4375, 0.625, 0.875, 0.875, 0.4375, 0.875, 0.75, 0.875, 0.75, 0.8125, 0.625, 0.9375, 0.625, 0.75, 0.875, 0.8125, 0.8125, 0.625, 0.75, 0.8125, 0.8125, 0.75, 0.6875, 0.6875, 0.5625, 0.75, 0.625, 0.625, 0.5625, 0.5, 0.875, 0.875, 0.8125, 0.6875, 0.875, 0.75, 0.75, 0.8125, 0.625, 0.9375, 0.6875, 0.875, 0.75, 0.9375, 0.6875, 0.6875, 0.625, 0.75, 0.75, 0.8125, 0.75, 0.5, 0.5625, 0.8125, 0.875, 0.8125, 0.6875, 0.8125, 0.875, 0.625, 0.75, 0.6875, 0.6875, 0.875, 0.6875, 0.75, 0.75, 0.625, 0.875, 0.6875, 0.5625, 0.8125, 0.75, 0.6875, 0.625, 0.6875, 0.5625, 0.8125, 0.875, 0.8125, 0.625, 0.75, 0.8125, 0.6875, 0.625, 0.6875, 0.75, 0.625, 0.9375, 0.8125, 0.875, 0.75, 0.625, 0.8125, 0.6875, 0.6875, 0.75, 0.6875, 0.625, 0.5625, 0.8125, 0.875, 0.6875, 0.8125, 0.625, 0.6875, 0.8125, 0.875, 0.75, 0.875, 0.625, 0.6875, 0.6875, 0.75, 0.625, 0.625, 0.8125, 0.875, 0.875, 0.625, 0.75, 0.8125, 0.875, 0.6875, 0.75, 0.8125, 0.8125, 0.6875, 0.625, 0.8125, 0.875, 0.5, 0.625, 0.8125, 0.8125, 0.625, 0.8125, 0.5625, 0.875, 0.6875, 0.875, 0.875, 0.9375, 0.8125, 0.6875, 0.6875, 0.625, 0.75, 0.9375, 0.5625, 0.5, 0.8125, 0.625, 0.6875, 0.5, 0.75, 0.75, 0.8125, 0.6875, 0.625, 0.8125, 0.6875, 0.6875, 0.75, 0.6875, 0.75, 1.0, 0.75, 0.625, 0.8125, 0.8125, 0.8125, 0.75, 0.75, 0.75, 0.5625, 0.8125, 0.875, 0.8125, 0.75, 0.8125, 0.625, 0.9375, 0.8125, 0.8125, 0.625, 0.75, 0.75, 0.5625, 0.75, 0.875, 0.875, 0.8125, 0.9375, 0.9375, 0.625, 0.6875, 0.6875, 0.625, 0.875, 0.875, 0.9375, 0.6875, 0.625, 0.6875, 0.8125, 0.75, 0.8125, 0.75, 0.75, 0.6875, 0.75, 0.75, 0.875, 1.0, 0.8125, 0.75, 0.8125, 0.875, 0.875, 0.9375, 0.75, 0.75, 0.75, 0.75, 0.8125, 0.625, 0.5, 0.625, 0.75, 1.0, 0.75, 0.6875, 0.625, 0.8125, 0.8125, 0.6875, 0.625, 0.875, 0.6875, 0.6875, 0.625, 0.75, 0.75, 0.6875, 0.625, 0.75, 0.6875]


Pseudorandom noncontaminated with lessthanoneperiod:
performance of 0.78875

[0.8125, 0.6875, 0.75, 0.875, 0.875, 0.875, 0.75, 0.8125, 0.9375, 0.75, 0.75, 0.75, 0.8125, 0.8125, 0.6875, 0.625, 0.8125, 0.8125, 0.8125, 0.8125, 0.9375, 0.75, 0.75, 0.875, 0.875, 0.9375, 0.75, 0.625, 0.875, 0.8125, 0.875, 0.8125, 0.9375, 0.875, 0.875, 0.875, 0.9375, 0.75, 0.9375, 0.9375, 0.875, 0.6875, 0.75, 0.9375, 0.75, 0.75, 0.75, 0.8125, 0.8125, 0.8125, 0.8125, 0.6875, 0.875, 0.75, 0.6875, 0.625, 0.875, 0.8125, 0.6875, 0.8125, 0.5625, 0.6875, 0.875, 0.875, 0.8125, 0.875, 0.9375, 0.75, 0.75, 0.9375, 0.875, 0.875, 0.75, 0.8125, 0.875, 0.6875, 0.75, 0.8125, 0.75, 0.9375, 0.8125, 0.6875, 0.875, 0.8125, 0.6875, 0.875, 0.8125, 0.8125, 1.0, 0.75, 0.75, 0.875, 0.75, 0.75, 0.6875, 0.875, 0.6875, 0.875, 0.875, 0.625, 0.3125, 0.8125, 0.6875, 0.875, 0.875, 0.6875, 0.875, 0.75, 0.8125, 0.875, 0.75, 0.8125, 0.875, 0.875, 0.6875, 0.8125, 1.0, 0.75, 0.8125, 0.8125, 0.6875, 0.8125, 0.8125, 0.9375, 0.8125, 0.9375, 0.5625, 0.8125, 0.6875, 0.625, 0.8125, 0.5625, 0.75, 0.75, 0.75, 0.9375, 0.875, 0.875, 0.75, 0.875, 0.875, 1.0, 0.75, 0.5625, 0.875, 0.8125, 0.75, 0.875, 0.4375, 0.8125, 0.875, 0.6875, 0.4375, 0.75, 0.875, 0.9375, 0.5, 0.875, 0.8125, 0.75, 0.75, 0.875, 0.75, 0.875, 0.8125, 0.8125, 0.875, 0.75, 0.625, 0.625, 0.75, 0.8125, 0.875, 0.75, 0.75, 0.8125, 0.625, 0.8125, 0.8125, 0.75, 0.625, 0.6875, 0.875, 0.875, 0.75, 0.6875, 0.875, 0.8125, 0.6875, 0.75, 0.75, 0.875, 0.75, 0.75, 0.8125, 0.9375, 0.8125, 0.6875, 0.6875, 0.8125, 0.8125, 0.75, 0.8125, 0.625, 0.625, 0.8125, 0.9375, 0.875, 0.75, 0.8125, 0.875, 0.75, 0.75, 0.75, 0.6875, 0.8125, 0.875, 0.8125, 0.75, 0.8125, 0.875, 0.75, 0.75, 0.8125, 0.875, 0.8125, 0.6875, 0.75, 0.625, 0.75, 0.8125, 0.8125, 0.6875, 0.8125, 0.8125, 0.75, 0.6875, 0.6875, 0.625, 0.6875, 0.9375, 0.875, 0.9375, 0.75, 0.8125, 0.8125, 0.75, 0.75, 0.875, 0.6875, 0.8125, 0.5625, 0.9375, 0.875, 0.875, 0.75, 0.5625, 0.6875, 0.875, 0.8125, 0.8125, 0.875, 0.6875, 0.75, 0.6875, 0.75, 0.75, 0.875, 0.8125, 0.875, 0.8125, 0.6875, 0.8125, 0.875, 0.875, 0.6875, 0.75, 0.875, 0.875, 0.6875, 0.625, 0.75, 0.875, 0.5, 0.75, 0.8125, 0.8125, 0.75, 0.9375, 0.625, 0.875, 0.8125, 0.9375, 0.875, 0.875, 0.75, 0.75, 0.8125, 0.75, 0.9375, 0.9375, 0.5625, 0.5625, 0.875, 0.625, 0.75, 0.6875, 0.8125, 0.8125, 0.875, 0.8125, 0.6875, 0.8125, 0.875, 0.75, 0.6875, 0.8125, 0.6875, 1.0, 0.6875, 0.625, 0.875, 0.75, 0.875, 0.875, 0.75, 0.75, 0.5625, 0.9375, 0.9375, 0.9375, 0.875, 0.875, 0.6875, 0.875, 0.8125, 0.875, 0.8125, 0.6875, 0.75, 0.625, 0.6875, 0.875, 0.8125, 0.8125, 0.9375, 0.9375, 0.5625, 0.8125, 0.75, 0.75, 0.875, 0.9375, 0.9375, 0.8125, 0.8125, 0.8125, 0.6875, 0.6875, 0.875, 0.75, 0.875, 0.75, 0.75, 0.8125, 0.875, 0.9375, 0.8125, 0.875, 0.75, 0.875, 0.875, 0.9375, 0.8125, 0.75, 0.6875, 0.75, 1.0, 0.75, 0.6875, 0.75, 0.8125, 0.9375, 0.875, 0.75, 0.75, 0.9375, 0.8125, 0.6875, 0.6875, 0.8125, 0.5625, 0.6875, 0.8125, 0.75, 0.875, 0.6875, 0.625, 0.75, 0.8125]

Pseudorandom noncontaminated with lessthanone & multiperiods:
performance of 0.76546875

[0.8125, 0.6875, 0.75, 0.9375, 0.875, 0.875, 0.75, 0.75, 0.875, 0.75, 0.6875, 0.75, 0.8125, 0.8125, 0.6875, 0.625, 0.8125, 0.75, 0.75, 0.75, 0.875, 0.6875, 0.75, 0.875, 0.9375, 1.0, 0.6875, 0.375, 0.875, 0.6875, 0.875, 0.8125, 0.875, 0.875, 0.8125, 0.875, 0.875, 0.75, 0.9375, 0.9375, 0.875, 0.625, 0.75, 0.8125, 0.75, 0.75, 0.75, 0.75, 0.8125, 0.8125, 0.75, 0.6875, 0.75, 0.75, 0.625, 0.625, 0.8125, 0.8125, 0.75, 0.8125, 0.5, 0.6875, 0.875, 0.8125, 0.8125, 0.875, 0.875, 0.6875, 0.75, 0.875, 0.875, 0.875, 0.75, 0.8125, 0.8125, 0.6875, 0.75, 0.75, 0.6875, 0.875, 0.75, 0.6875, 0.8125, 0.8125, 0.6875, 0.875, 0.75, 0.8125, 1.0, 0.75, 0.75, 0.8125, 0.6875, 0.75, 0.75, 0.8125, 0.6875, 0.8125, 0.9375, 0.625, 0.3125, 0.8125, 0.75, 0.8125, 0.875, 0.6875, 0.8125, 0.75, 0.75, 0.875, 0.75, 0.75, 0.8125, 0.875, 0.6875, 0.75, 1.0, 0.75, 0.75, 0.8125, 0.6875, 0.875, 0.75, 0.9375, 0.8125, 0.9375, 0.5625, 0.8125, 0.6875, 0.625, 0.8125, 0.5625, 0.75, 0.6875, 0.75, 0.8125, 0.8125, 0.8125, 0.8125, 0.875, 0.8125, 1.0, 0.6875, 0.5, 0.8125, 0.8125, 0.6875, 0.875, 0.4375, 0.8125, 0.8125, 0.625, 0.4375, 0.75, 0.875, 0.875, 0.5, 0.8125, 0.875, 0.6875, 0.75, 0.875, 0.75, 0.625, 0.75, 0.75, 0.875, 0.8125, 0.625, 0.625, 0.75, 0.8125, 0.875, 0.75, 0.75, 0.8125, 0.625, 0.75, 0.8125, 0.6875, 0.5625, 0.6875, 0.875, 0.875, 0.75, 0.6875, 0.875, 0.75, 0.6875, 0.625, 0.75, 0.875, 0.6875, 0.75, 0.875, 1.0, 0.8125, 0.6875, 0.6875, 0.75, 0.75, 0.75, 0.625, 0.625, 0.625, 0.75, 0.875, 0.875, 0.75, 0.8125, 0.875, 0.6875, 0.6875, 0.8125, 0.6875, 0.8125, 0.8125, 0.8125, 0.75, 0.8125, 0.875, 0.75, 0.6875, 0.75, 0.75, 0.75, 0.625, 0.6875, 0.625, 0.75, 0.8125, 0.8125, 0.625, 0.75, 0.8125, 0.6875, 0.625, 0.6875, 0.5625, 0.625, 0.9375, 0.875, 0.9375, 0.75, 0.75, 0.8125, 0.75, 0.6875, 0.875, 0.6875, 0.75, 0.5, 0.875, 0.8125, 0.8125, 0.75, 0.5625, 0.625, 0.8125, 0.8125, 0.8125, 0.875, 0.625, 0.6875, 0.6875, 0.75, 0.6875, 0.8125, 0.8125, 0.875, 0.8125, 0.6875, 0.75, 0.8125, 0.875, 0.75, 0.75, 0.875, 0.875, 0.625, 0.625, 0.75, 0.875, 0.5625, 0.75, 0.75, 0.8125, 0.6875, 0.9375, 0.5625, 0.875, 0.75, 0.875, 0.875, 0.875, 0.75, 0.6875, 0.8125, 0.6875, 0.9375, 0.9375, 0.625, 0.5625, 0.875, 0.625, 0.6875, 0.625, 0.8125, 0.75, 0.875, 0.75, 0.625, 0.75, 0.875, 0.6875, 0.6875, 0.75, 0.6875, 1.0, 0.6875, 0.625, 0.8125, 0.75, 0.875, 0.875, 0.6875, 0.75, 0.5625, 0.9375, 0.9375, 0.875, 0.875, 0.75, 0.6875, 0.875, 0.8125, 0.8125, 0.75, 0.625, 0.75, 0.5625, 0.75, 0.875, 0.8125, 0.8125, 0.9375, 0.9375, 0.5625, 0.75, 0.6875, 0.6875, 0.875, 0.9375, 0.9375, 0.75, 0.75, 0.8125, 0.6875, 0.75, 0.875, 0.75, 0.8125, 0.6875, 0.75, 0.8125, 0.8125, 0.9375, 0.8125, 0.875, 0.5625, 0.8125, 0.875, 0.9375, 0.8125, 0.75, 0.6875, 0.75, 0.875, 0.75, 0.625, 0.6875, 0.75, 0.9375, 0.75, 0.6875, 0.75, 0.875, 0.75, 0.625, 0.6875, 0.8125, 0.5625, 0.6875, 0.75, 0.75, 0.875, 0.625, 0.625, 0.75, 0.75]

After this rest-3-13 and rest-19-29 are added to the original trainsequences


Pseudorandom noncontaminated with halfperiodtoolate & lessthanone:
performance of 0.74

[0.75, 0.8125, 0.625, 0.75, 0.75, 0.6875, 0.6875, 0.8125, 0.75, 0.625, 0.75, 0.6875, 0.8125, 0.875, 0.6875, 0.625, 0.75, 0.8125, 0.75, 0.6875, 0.8125, 0.75, 0.75, 0.625, 0.75, 0.6875, 0.6875, 0.5, 0.8125, 0.625, 0.75, 0.75, 0.8125, 0.875, 1.0, 0.6875, 0.6875, 0.8125, 0.8125, 0.75, 0.8125, 0.75, 0.8125, 0.8125, 0.875, 0.8125, 0.6875, 0.625, 0.6875, 0.5, 0.875, 0.75, 0.75, 0.8125, 0.6875, 0.875, 0.6875, 0.8125, 0.8125, 0.75, 0.625, 0.5625, 0.8125, 0.5625, 0.875, 0.9375, 0.875, 0.75, 0.6875, 0.8125, 0.75, 0.8125, 0.6875, 0.875, 0.75, 0.6875, 0.625, 0.875, 0.625, 0.6875, 0.8125, 0.875, 0.75, 0.6875, 0.8125, 0.625, 0.8125, 0.75, 0.8125, 0.75, 0.5625, 0.875, 0.8125, 0.8125, 0.875, 0.8125, 0.75, 0.6875, 0.8125, 0.875, 0.375, 0.6875, 0.5625, 0.875, 0.75, 0.625, 0.6875, 0.75, 0.8125, 0.8125, 0.625, 0.75, 0.8125, 0.625, 0.625, 0.75, 0.75, 0.6875, 0.75, 0.6875, 0.625, 0.625, 0.75, 0.8125, 0.9375, 0.75, 0.8125, 0.6875, 0.875, 0.5625, 0.625, 0.625, 0.6875, 0.625, 0.75, 0.8125, 0.625, 0.9375, 0.6875, 0.75, 0.8125, 0.75, 0.75, 0.625, 0.8125, 0.6875, 0.5625, 0.8125, 0.75, 0.8125, 0.75, 0.625, 0.6875, 0.625, 0.8125, 0.875, 0.8125, 0.875, 0.5625, 0.75, 0.9375, 0.6875, 0.75, 0.75, 0.5625, 0.8125, 0.8125, 0.8125, 0.8125, 0.5, 0.8125, 0.875, 0.6875, 0.8125, 0.875, 0.8125, 0.75, 0.625, 0.625, 0.75, 0.375, 0.6875, 0.625, 0.75, 0.75, 0.6875, 0.8125, 0.875, 0.6875, 0.6875, 0.6875, 0.8125, 0.75, 0.5625, 0.8125, 0.8125, 0.625, 0.6875, 0.75, 0.75, 0.8125, 0.8125, 0.6875, 0.8125, 0.8125, 0.75, 0.8125, 0.75, 0.75, 0.875, 0.75, 0.75, 0.8125, 0.8125, 0.75, 0.875, 0.8125, 0.8125, 0.625, 0.6875, 0.9375, 0.8125, 0.625, 0.625, 0.75, 0.875, 0.8125, 0.6875, 0.625, 0.8125, 0.5625, 0.75, 0.6875, 0.8125, 0.8125, 0.625, 0.6875, 0.6875, 0.75, 0.5625, 0.75, 0.6875, 0.8125, 0.5, 0.875, 0.625, 0.75, 0.75, 0.8125, 0.8125, 0.75, 0.75, 0.75, 0.875, 0.6875, 0.625, 0.8125, 0.75, 0.8125, 0.8125, 0.875, 0.9375, 0.625, 0.5, 0.75, 0.6875, 0.8125, 0.75, 0.6875, 0.75, 0.875, 0.875, 0.75, 0.75, 0.875, 0.75, 0.875, 0.6875, 0.75, 0.6875, 0.625, 0.8125, 0.75, 0.5, 0.5, 0.75, 0.75, 0.6875, 0.875, 0.6875, 0.75, 0.75, 0.875, 0.9375, 0.875, 0.6875, 0.6875, 0.875, 0.8125, 0.875, 0.9375, 0.6875, 0.625, 0.6875, 0.875, 0.6875, 0.75, 0.75, 0.6875, 0.625, 0.75, 0.6875, 0.6875, 0.8125, 0.6875, 0.9375, 0.875, 0.5625, 0.75, 0.5, 0.6875, 0.75, 0.625, 0.75, 0.75, 0.6875, 0.8125, 0.5, 0.6875, 0.6875, 0.6875, 0.625, 0.875, 0.6875, 0.6875, 0.8125, 0.875, 0.5, 0.875, 0.6875, 0.6875, 0.6875, 0.875, 0.6875, 0.625, 0.75, 0.875, 0.5, 0.8125, 0.625, 0.8125, 0.875, 0.875, 0.9375, 0.9375, 0.875, 0.625, 0.8125, 0.625, 0.75, 0.75, 0.75, 0.6875, 0.75, 0.875, 0.6875, 0.6875, 0.75, 0.8125, 0.5625, 0.8125, 0.8125, 0.875, 0.75, 0.8125, 0.625, 0.8125, 0.8125, 0.625, 0.5625, 0.6875, 0.8125, 0.875, 0.8125, 0.6875, 0.6875, 0.625, 0.8125, 0.625, 0.6875, 0.8125, 0.625, 0.5, 0.6875, 0.625, 0.75, 0.625, 0.6875, 0.6875, 0.625]


